
Stiffness tensor [stress units]

 151.42448  76.422084  76.422084 -2.5406397e-08 -1.6107677e-08 -1.4382758e-08 
 76.422084  151.42448  76.422084 1.7204583e-08 -2.2697863e-08 -5.7391076e-09 
 76.422084  76.422084  151.42448 2.7850346e-08 -1.5554514e-08 1.1400348e-08 
-2.5406397e-08 1.7204583e-08 2.7850346e-08  56.449337 1.0291653e-07 2.9698501e-08 
-1.6107677e-08 -2.2697863e-08 -1.5554514e-08 1.0291653e-07  56.449337 5.8268764e-08 
-1.4382758e-08 -5.7391076e-09 1.1400348e-08 2.9698501e-08 5.8268764e-08  56.449337 

Compliance tensor [1/(stress units)]

0.0099841282 -0.0033487794 -0.0033487794 3.5832108e-12 2.8983809e-13 1.4398535e-12 
-0.0033487794 0.0099841282 -0.0033487794 -1.4489853e-12 1.0681142e-12 4.1907091e-13 
-0.0033487794 -0.0033487794 0.0099841282 -2.7062098e-12 2.2451165e-13 -1.6050341e-12 
3.5832108e-12 -1.4489853e-12 -2.7062098e-12 0.00442875 -8.0743481e-12 -2.330005e-12 
2.8983809e-13 1.0681142e-12 2.2451165e-13 -8.0743481e-12 0.00442875 -4.5714937e-12 
1.4398535e-12 4.1907091e-13 -1.6050341e-12 -2.330005e-12 -4.5714937e-12 0.00442875 
